test_accuracy: 0.9420289855072463
test_log_loss: 0.46438833137945307
