test_accuracy: 0.9470717074564328
test_log_loss: 0.8154741776170058
